[ 0.57236768  0.5738312   0.7111869  -0.68035959  0.9445138   0.84362052
  0.81794937 -0.01299137 -0.93688109]
0.556
[-0.68495327  0.12401791  0.63883251 -0.92073238  0.59062664  0.84362052
  0.81794937 -0.01299137 -0.93688109]
0.562
[-0.18764788 -0.46611696 -0.35875979 -0.24560785  0.65139114  0.61080716
 -0.11210107  0.09789569 -0.21455239]
0.564
[-0.18764788 -0.46611696 -0.35875979 -0.24560785  0.94656633  0.61080716
 -0.11210107  0.09789569 -0.21455239]
0.552
[-0.18764788 -0.46611696 -0.35875979 -0.24560785  1.14722409  0.61080716
 -0.11210107  0.09789569 -0.21455239]
0.558
[-0.18764788 -0.46611696 -0.35875979 -0.24560785  0.36222506  0.61080716
 -0.11210107  0.09789569 -0.21455239]
0.556
[-0.18764788 -0.46611696 -0.35875979 -0.24560785  0.82863913  0.61080716
 -0.11210107  0.09789569 -0.21455239]
0.564
[-0.18764788 -0.46611696 -0.35875979 -0.24560785  1.10667922  0.61080716
 -0.11210107  0.09789569 -0.21455239]
0.57
[ 0.74874578  0.70088927 -0.58050192 -0.51900168  0.73730756  0.83903836
  0.10215583 -0.93538725  0.17143941]
0.564
[-0.18764788 -0.46611696 -0.35875979 -0.24560785  1.10667922  0.61080716
 -0.11210107  0.09789569 -0.21455239]
0.562
[-0.18764788 -0.46611696 -0.35875979 -0.24560785  0.65139114  0.61080716
 -0.11210107  0.09789569 -0.21455239]
0.578
[-0.18764788 -0.46611696 -0.35875979 -0.24560785  0.47314946  0.61080716
 -0.11210107  0.09789569 -0.21455239]
0.558
[-0.18764788 -0.46611696 -0.35875979 -0.24560785  0.63162423  0.61080716
 -0.11210107  0.09789569 -0.21455239]
0.57
[-0.18764788 -0.46611696 -0.35875979 -0.24560785  0.83231815  0.61080716
 -0.11210107  0.09789569 -0.21455239]
0.57
[-0.18764788 -0.46611696 -0.35875979 -0.24560785  1.03878647  0.61080716
 -0.11210107  0.09789569 -0.21455239]
0.56
[-0.18764788 -0.46611696 -0.35875979 -0.24560785  0.75928777  0.61080716
 -0.11210107  0.09789569 -0.21455239]
0.566
[-0.18764788 -0.46611696 -0.35875979 -0.24560785  0.85724911  0.61080716
 -0.11210107  0.09789569 -0.21455239]
0.57
[-0.21918034  0.11086663  0.50416957 -0.54369071  1.26625199  0.84362052
  0.81794937 -0.01299137 -0.93688109]
0.584
[-0.30195021  0.0307719   0.17554323 -0.18041337  1.13445146  0.6895985
 -0.08080891  0.35538403 -0.62062473]
0.584
[ 0.74874578  0.70088927 -0.58050192 -0.51900168  0.6861572   0.83903836
  0.10215583 -0.93538725  0.17143941]
0.56
[-0.30195021  0.0307719   0.17554323 -0.18041337  0.63509579  0.93834455
  0.25061019  0.66447365 -0.41338037]
0.572
[-0.30195021  0.0307719   0.17554323 -0.18041337  0.76355547  0.93834455
  0.25061019  0.66447365 -0.41338037]
0.556
[-0.21918034  0.11086663  0.50416957 -0.54369071  1.26625199  0.84362052
  0.81794937 -0.01299137 -0.93688109]
0.582
[-0.21918034  0.11086663  0.50416957 -0.54369071  1.6954954   0.84362052
  0.81794937 -0.01299137 -0.93688109]
0.578
[-0.68495327  0.12401791  0.63883251 -0.92073238  0.66838138  0.84362052
  0.81794937 -0.01299137 -0.93688109]
0.568
[-0.18764788 -0.46611696 -0.35875979 -0.24560785  0.65139114  0.61080716
 -0.11210107  0.09789569 -0.21455239]
0.552
[-0.18764788 -0.46611696 -0.35875979 -0.24560785  0.63162423  0.61080716
 -0.11210107  0.09789569 -0.21455239]
0.56
[-0.18764788 -0.46611696 -0.35875979 -0.24560785  0.83231815  0.61080716
 -0.11210107  0.09789569 -0.21455239]
0.56
[-0.18764788 -0.46611696 -0.35875979 -0.24560785  0.57275749  0.61080716
 -0.11210107  0.09789569 -0.21455239]
0.57
[-0.18764788 -0.46611696 -0.35875979 -0.24560785  0.8601845   0.61080716
 -0.11210107  0.09789569 -0.21455239]
0.556
[-0.18764788 -0.46611696 -0.35875979 -0.24560785  0.75694769  0.61080716
 -0.11210107  0.09789569 -0.21455239]
0.586
[-0.18764788 -0.46611696 -0.35875979 -0.24560785  0.37482757  0.61080716
 -0.11210107  0.09789569 -0.21455239]
0.574
[-0.18764788 -0.46611696 -0.35875979 -0.24560785  1.03467913  0.61080716
 -0.11210107  0.09789569 -0.21455239]
0.568
[-0.18764788 -0.46611696 -0.35875979 -0.24560785  0.81135609  0.61080716
 -0.11210107  0.09789569 -0.21455239]
0.584
[-0.18764788 -0.46611696 -0.35875979 -0.24560785  0.28945849  0.61080716
 -0.11210107  0.09789569 -0.21455239]
0.554
[-0.18764788 -0.46611696 -0.35875979 -0.24560785  1.21259494  0.61080716
 -0.11210107  0.09789569 -0.21455239]
0.566
[-0.18764788 -0.46611696 -0.35875979 -0.24560785  0.45388085  0.61080716
 -0.11210107  0.09789569 -0.21455239]
0.564
[-0.18764788 -0.46611696 -0.35875979 -0.24560785  0.3550371   0.61080716
 -0.11210107  0.09789569 -0.21455239]
0.552
[-0.18764788 -0.46611696 -0.35875979 -0.24560785  1.33532964  0.61080716
 -0.11210107  0.09789569 -0.21455239]
0.552
[ 0.74874578  0.70088927 -0.58050192 -0.51900168  0.69287121  0.83903836
  0.10215583 -0.93538725  0.17143941]
0.558
[-0.30195021  0.0307719   0.17554323 -0.18041337  0.96499858  0.93834455
  0.25061019  0.66447365 -0.41338037]
0.558
[-0.30195021  0.0307719   0.17554323 -0.18041337  1.22210929  0.94185695
 -0.87126373 -0.75545416 -0.76262083]
0.58
[-0.30195021  0.0307719   0.17554323 -0.18041337  0.35264329  0.93834455
  0.25061019  0.66447365 -0.41338037]
0.568
[-0.30195021  0.0307719   0.17554323 -0.18041337  1.17843246  0.93834455
  0.25061019  0.66447365 -0.41338037]
0.558
[-0.30195021  0.0307719   0.17554323 -0.18041337  1.02906676  0.93834455
  0.25061019  0.66447365 -0.41338037]
0.568
[-0.68495327  0.12401791  0.63883251 -0.92073238  0.78593587  0.84362052
  0.81794937 -0.01299137 -0.93688109]
0.558
[-0.18764788 -0.46611696 -0.35875979 -0.24560785  0.75694769  0.61080716
 -0.11210107  0.09789569 -0.21455239]
0.566
[-0.18764788 -0.46611696 -0.35875979 -0.24560785  0.95562728  0.61080716
 -0.11210107  0.09789569 -0.21455239]
0.576
[-0.18764788 -0.46611696 -0.35875979 -0.24560785  1.4488179   0.61080716
 -0.11210107  0.09789569 -0.21455239]
0.554
[-0.18764788 -0.46611696 -0.35875979 -0.24560785  0.70412207  0.61080716
 -0.11210107  0.09789569 -0.21455239]
0.558
[-0.18764788 -0.46611696 -0.35875979 -0.24560785  0.32672297  0.61080716
 -0.11210107  0.09789569 -0.21455239]
0.552
[-0.18764788 -0.46611696 -0.35875979 -0.24560785  0.73903125  0.61080716
 -0.11210107  0.09789569 -0.21455239]
0.58
[-0.18764788 -0.46611696 -0.35875979 -0.24560785  1.24438281  0.61080716
 -0.11210107  0.09789569 -0.21455239]
0.554
[-0.18764788 -0.46611696 -0.35875979 -0.24560785  0.88494761  0.61080716
 -0.11210107  0.09789569 -0.21455239]
0.56
[-0.18764788 -0.46611696 -0.35875979 -0.24560785  0.76331618  0.61080716
 -0.11210107  0.09789569 -0.21455239]
0.578
[-0.18764788 -0.46611696 -0.35875979 -0.24560785  0.07455853  0.61080716
 -0.11210107  0.09789569 -0.21455239]
0.576
[-0.18764788 -0.46611696 -0.35875979 -0.24560785  0.85780154  0.61080716
 -0.11210107  0.09789569 -0.21455239]
0.556
[ 0.74874578  0.70088927 -0.58050192 -0.51900168  0.70145582  0.58783474
  0.99933236  0.37875809  0.06975127]
0.554
[-6.61364902e-01  4.66986839e-04 -9.20536012e-01 -7.42923151e-01
  1.35691725e+00  9.94118598e-01  4.55254341e-01  6.59518665e-01
  1.06799454e-01]
0.554
[-6.61364902e-01  4.66986839e-04 -9.20536012e-01 -7.42923151e-01
  2.90440681e-01  9.94118598e-01  4.55254341e-01  6.59518665e-01
  1.06799454e-01]
0.558
[-0.30195021  0.0307719   0.17554323 -0.18041337  0.76355547  0.93834455
  0.25061019  0.66447365 -0.41338037]
0.57
[-0.30195021  0.0307719   0.17554323 -0.18041337  0.11761921  0.53164322
 -0.39454298 -0.88083827 -0.40311239]
0.568
[-0.30195021  0.0307719   0.17554323 -0.18041337  0.50360462  0.93834455
  0.25061019  0.66447365 -0.41338037]
0.56
[-0.30195021  0.0307719   0.17554323 -0.18041337  1.21534587  0.93834455
  0.25061019  0.66447365 -0.41338037]
0.582
[-0.30195021  0.0307719   0.17554323 -0.18041337  0.95866332  0.93834455
  0.25061019  0.66447365 -0.41338037]
0.566
[-0.30195021  0.0307719   0.17554323 -0.18041337  1.53772545  0.6895985
 -0.08080891  0.35538403 -0.62062473]
0.552
[-0.21918034  0.11086663  0.50416957 -0.54369071  1.10791166  0.84362052
  0.81794937 -0.01299137 -0.93688109]
0.56
[ 0.93095833 -0.20814937 -0.20171099 -0.63836237  1.44170454  0.84362052
  0.81794937 -0.01299137 -0.93688109]
0.562
[-0.21918034  0.11086663  0.50416957 -0.54369071  1.2624872   0.84362052
  0.81794937 -0.01299137 -0.93688109]
0.562
[-0.5533871   0.83342555 -0.93526975 -0.77478464  2.30204956  0.84362052
  0.81794937 -0.01299137 -0.93688109]
0.57
[-0.18764788 -0.46611696 -0.35875979 -0.24560785  1.09956634  0.61080716
 -0.11210107  0.09789569 -0.21455239]
0.554
[-0.18764788 -0.46611696 -0.35875979 -0.24560785  0.69161127  0.61080716
 -0.11210107  0.09789569 -0.21455239]
0.566
[-0.18764788 -0.46611696 -0.35875979 -0.24560785  1.06373667  0.61080716
 -0.11210107  0.09789569 -0.21455239]
0.576
[-0.18764788 -0.46611696 -0.35875979 -0.24560785  0.96109526  0.61080716
 -0.11210107  0.09789569 -0.21455239]
0.562
[-0.18764788 -0.46611696 -0.35875979 -0.24560785  1.12489085  0.61080716
 -0.11210107  0.09789569 -0.21455239]
0.56
[-0.18764788 -0.46611696 -0.35875979 -0.24560785  0.39631099  0.61080716
 -0.11210107  0.09789569 -0.21455239]
0.564
[-0.18764788 -0.46611696 -0.35875979 -0.24560785  0.4745366   0.61080716
 -0.11210107  0.09789569 -0.21455239]
0.552
[-0.18764788 -0.46611696 -0.35875979 -0.24560785  0.53412494  0.61080716
 -0.11210107  0.09789569 -0.21455239]
0.56
[ 0.74874578  0.70088927 -0.58050192 -0.51900168  0.6861572   0.83903836
  0.10215583 -0.93538725  0.17143941]
0.592
[ 0.74874578  0.70088927 -0.58050192 -0.51900168  1.50137247  0.58783474
  0.99933236  0.37875809  0.06975127]
0.56
[ 0.74874578  0.70088927 -0.58050192 -0.51900168  0.36950016  0.83903836
  0.10215583 -0.93538725  0.17143941]
0.556
[ 0.74874578  0.70088927 -0.58050192 -0.51900168  1.10093935  0.83903836
  0.10215583 -0.93538725  0.17143941]
0.586
[ 0.74874578  0.70088927 -0.58050192 -0.51900168  1.21073189  0.83903836
  0.10215583 -0.93538725  0.17143941]
0.58
[ 0.74874578  0.70088927 -0.58050192 -0.51900168  1.6804777   0.83903836
  0.10215583 -0.93538725  0.17143941]
0.564
[ 0.74874578  0.70088927 -0.58050192 -0.51900168  0.65358355  0.58783474
  0.99933236  0.37875809  0.06975127]
0.556
[ 0.15026455  0.87248569 -0.22225592 -0.91199029  0.87943681  0.9941186
  0.45525434  0.65951867  0.10679945]
0.556
[-0.30195021  0.0307719   0.17554323 -0.18041337  0.95866332  0.93834455
  0.25061019  0.66447365 -0.41338037]
0.566
[-0.30195021  0.0307719   0.17554323 -0.18041337  0.50360462  0.93834455
  0.25061019  0.66447365 -0.41338037]
0.56
[-0.30195021  0.0307719   0.17554323 -0.18041337  0.35264329  0.93834455
  0.25061019  0.66447365 -0.41338037]
0.57
[-0.30195021  0.0307719   0.17554323 -0.18041337  1.02906676  0.93834455
  0.25061019  0.66447365 -0.41338037]
0.588
[-0.30195021  0.0307719   0.17554323 -0.18041337  1.68697075  0.93834455
  0.25061019  0.66447365 -0.41338037]
0.558
[-0.30195021  0.0307719   0.17554323 -0.18041337  1.45886673  0.93834455
  0.25061019  0.66447365 -0.41338037]
0.568
[-0.30195021  0.0307719   0.17554323 -0.18041337  1.07331698  0.93834455
  0.25061019  0.66447365 -0.41338037]
0.564
[-0.30195021  0.0307719   0.17554323 -0.18041337  0.26359553  0.93834455
  0.25061019  0.66447365 -0.41338037]
0.554
[ 0.93095833 -0.20814937 -0.20171099 -0.63836237  1.44170454  0.84362052
  0.81794937 -0.01299137 -0.93688109]
0.552
[-0.21918034  0.11086663  0.50416957 -0.54369071  1.26625199  0.84362052
  0.81794937 -0.01299137 -0.93688109]
0.558
[-0.21918034  0.11086663  0.50416957 -0.54369071  0.98529842  0.84362052
  0.81794937 -0.01299137 -0.93688109]
0.56
[-0.21918034  0.11086663  0.50416957 -0.54369071  0.73310318  0.84362052
  0.81794937 -0.01299137 -0.93688109]
0.556
[-0.21918034  0.11086663  0.50416957 -0.54369071  1.41886053  0.84362052
  0.81794937 -0.01299137 -0.93688109]
0.554
[ 0.57236768  0.5738312   0.7111869  -0.68035959  0.87205143  0.84362052
  0.81794937 -0.01299137 -0.93688109]
0.56
[ 0.74874578  0.70088927 -0.58050192 -0.51900168  0.36950016  0.83903836
  0.10215583 -0.93538725  0.17143941]
0.556
[ 0.74874578  0.70088927 -0.58050192 -0.51900168  0.67807118  0.58783474
  0.99933236  0.37875809  0.06975127]
0.552
[ 0.74874578  0.70088927 -0.58050192 -0.51900168  0.73730756  0.83903836
  0.10215583 -0.93538725  0.17143941]
0.576
[ 0.74874578  0.70088927 -0.58050192 -0.51900168  2.40576445  0.58783474
  0.99933236  0.37875809  0.06975127]
0.552
[ 0.74874578  0.70088927 -0.58050192 -0.51900168  0.44969326  0.58783474
  0.99933236  0.37875809  0.06975127]
0.564
[ 0.74874578  0.70088927 -0.58050192 -0.51900168  1.67321205  0.58783474
  0.99933236  0.37875809  0.06975127]
0.56
[ 0.74874578  0.70088927 -0.58050192 -0.51900168  1.48094833  0.58783474
  0.99933236  0.37875809  0.06975127]
0.554
[-0.18764788 -0.46611696 -0.35875979 -0.24560785  1.06373667  0.61080716
 -0.11210107  0.09789569 -0.21455239]
0.564
[-0.18764788 -0.46611696 -0.35875979 -0.24560785  0.69161127  0.61080716
 -0.11210107  0.09789569 -0.21455239]
0.578
[-0.18764788 -0.46611696 -0.35875979 -0.24560785  0.33240286  0.61080716
 -0.11210107  0.09789569 -0.21455239]
0.56
[-0.18764788 -0.46611696 -0.35875979 -0.24560785  1.12181677  0.61080716
 -0.11210107  0.09789569 -0.21455239]
0.584
[-6.61364902e-01  4.66986839e-04 -9.20536012e-01 -7.42923151e-01
  8.39174029e-01  9.94118598e-01  4.55254341e-01  6.59518665e-01
  1.06799454e-01]
0.558
[-6.61364902e-01  4.66986839e-04 -9.20536012e-01 -7.42923151e-01
  1.94526271e+00  9.94118598e-01  4.55254341e-01  6.59518665e-01
  1.06799454e-01]
0.56
[-0.30195021  0.0307719   0.17554323 -0.18041337  1.45886673  0.93834455
  0.25061019  0.66447365 -0.41338037]
0.556
[-0.30195021  0.0307719   0.17554323 -0.18041337  0.95866332  0.93834455
  0.25061019  0.66447365 -0.41338037]
0.57
[-0.30195021  0.0307719   0.17554323 -0.18041337  0.76355547  0.93834455
  0.25061019  0.66447365 -0.41338037]
0.58
[-0.0492601  -0.4097076  -0.90502164 -0.53496277  0.9980976   0.93834455
  0.25061019  0.66447365 -0.41338037]
0.572
[-0.30195021  0.0307719   0.17554323 -0.18041337  1.10806551  0.93834455
  0.25061019  0.66447365 -0.41338037]
0.562
[-0.30195021  0.0307719   0.17554323 -0.18041337  0.58249167  0.93834455
  0.25061019  0.66447365 -0.41338037]
0.556
[-0.30195021  0.0307719   0.17554323 -0.18041337  0.57488856  0.93834455
  0.25061019  0.66447365 -0.41338037]
0.562
[-0.30195021  0.0307719   0.17554323 -0.18041337  1.38582238  0.93834455
  0.25061019  0.66447365 -0.41338037]
0.578
[-0.30195021  0.0307719   0.17554323 -0.18041337  0.59274909  0.93834455
  0.25061019  0.66447365 -0.41338037]
0.578
[-0.30195021  0.0307719   0.17554323 -0.18041337  0.79049832  0.93834455
  0.25061019  0.66447365 -0.41338037]
0.56
[-0.30195021  0.0307719   0.17554323 -0.18041337  1.58889671  0.93834455
  0.25061019  0.66447365 -0.41338037]
0.558
[-0.0492601  -0.4097076  -0.90502164 -0.53496277  1.73714151  0.93834455
  0.25061019  0.66447365 -0.41338037]
0.584
[-0.30195021  0.0307719   0.17554323 -0.18041337  1.02532357  0.93834455
  0.25061019  0.66447365 -0.41338037]
0.558
[-0.21918034  0.11086663  0.50416957 -0.54369071  1.26625199  0.84362052
  0.81794937 -0.01299137 -0.93688109]
0.558
[-0.21918034  0.11086663  0.50416957 -0.54369071  0.73310318  0.84362052
  0.81794937 -0.01299137 -0.93688109]
0.558
[-0.21918034  0.11086663  0.50416957 -0.54369071  1.41886053  0.84362052
  0.81794937 -0.01299137 -0.93688109]
0.57
[-0.21918034  0.11086663  0.50416957 -0.54369071  1.2624872   0.84362052
  0.81794937 -0.01299137 -0.93688109]
0.556
[-0.21918034  0.11086663  0.50416957 -0.54369071  0.95615658  0.84362052
  0.81794937 -0.01299137 -0.93688109]
0.6
[-0.21918034  0.11086663  0.50416957 -0.54369071  0.95435424  0.84362052
  0.81794937 -0.01299137 -0.93688109]
0.578
[-0.21918034  0.11086663  0.50416957 -0.54369071  0.20264027  0.84362052
  0.81794937 -0.01299137 -0.93688109]
0.554
[-0.21918034  0.11086663  0.50416957 -0.54369071  0.66258653  0.84362052
  0.81794937 -0.01299137 -0.93688109]
0.554
[-0.21918034  0.11086663  0.50416957 -0.54369071  0.91861366  0.84362052
  0.81794937 -0.01299137 -0.93688109]
0.576
[ 0.57236768  0.5738312   0.7111869  -0.68035959  1.42569053  0.84362052
  0.81794937 -0.01299137 -0.93688109]
0.562
[ 0.74874578  0.70088927 -0.58050192 -0.51900168  0.73730756  0.83903836
  0.10215583 -0.93538725  0.17143941]
0.572
[ 0.74874578  0.70088927 -0.58050192 -0.51900168  1.67321205  0.58783474
  0.99933236  0.37875809  0.06975127]
0.588
[ 0.74874578  0.70088927 -0.58050192 -0.51900168  1.48094833  0.58783474
  0.99933236  0.37875809  0.06975127]
0.562
[ 0.74874578  0.70088927 -0.58050192 -0.51900168  0.67807118  0.58783474
  0.99933236  0.37875809  0.06975127]
0.566
[ 0.74874578  0.70088927 -0.58050192 -0.51900168  0.65880733  0.58783474
  0.99933236  0.37875809  0.06975127]
0.574
[ 0.74874578  0.70088927 -0.58050192 -0.51900168  0.70145582  0.58783474
  0.99933236  0.37875809  0.06975127]
0.566
[ 0.74874578  0.70088927 -0.58050192 -0.51900168  0.79533991  0.58783474
  0.99933236  0.37875809  0.06975127]
0.554
[ 0.74874578  0.70088927 -0.58050192 -0.51900168  0.49288722  0.58783474
  0.99933236  0.37875809  0.06975127]
0.57
[ 0.74874578  0.70088927 -0.58050192 -0.51900168  0.44819132  0.83903836
  0.10215583 -0.93538725  0.17143941]
0.552
[ 0.74874578  0.70088927 -0.58050192 -0.51900168  1.45200305  0.58783474
  0.99933236  0.37875809  0.06975127]
0.564
[-6.61364902e-01  4.66986839e-04 -9.20536012e-01 -7.42923151e-01
  1.94526271e+00  9.94118598e-01  4.55254341e-01  6.59518665e-01
  1.06799454e-01]
0.566
[-6.61364902e-01  4.66986839e-04 -9.20536012e-01 -7.42923151e-01
  1.35691725e+00  9.94118598e-01  4.55254341e-01  6.59518665e-01
  1.06799454e-01]
0.558
[-6.61364902e-01  4.66986839e-04 -9.20536012e-01 -7.42923151e-01
  1.64266530e+00  9.94118598e-01  4.55254341e-01  6.59518665e-01
  1.06799454e-01]
0.564
[-6.61364902e-01  4.66986839e-04 -9.20536012e-01 -7.42923151e-01
  2.90440681e-01  9.94118598e-01  4.55254341e-01  6.59518665e-01
  1.06799454e-01]
0.56
[-6.61364902e-01  4.66986839e-04 -9.20536012e-01 -7.42923151e-01
  9.58827710e-01  9.94118598e-01  4.55254341e-01  6.59518665e-01
  1.06799454e-01]
0.56
[-6.61364902e-01  4.66986839e-04 -9.20536012e-01 -7.42923151e-01
  1.18105182e+00  9.94118598e-01  4.55254341e-01  6.59518665e-01
  1.06799454e-01]
0.552
[-0.30195021  0.0307719   0.17554323 -0.18041337  1.10806551  0.93834455
  0.25061019  0.66447365 -0.41338037]
0.564
[-0.30195021  0.0307719   0.17554323 -0.18041337  1.02532357  0.93834455
  0.25061019  0.66447365 -0.41338037]
0.556
[-0.30195021  0.0307719   0.17554323 -0.18041337  1.44108429  0.93834455
  0.25061019  0.66447365 -0.41338037]
0.554
[-0.30195021  0.0307719   0.17554323 -0.18041337  0.9526126   0.93834455
  0.25061019  0.66447365 -0.41338037]
0.598
[-0.30195021  0.0307719   0.17554323 -0.18041337  0.35664471  0.93834455
  0.25061019  0.66447365 -0.41338037]
0.558
[-0.30195021  0.0307719   0.17554323 -0.18041337  1.26020784  0.93834455
  0.25061019  0.66447365 -0.41338037]
0.584
[-0.30195021  0.0307719   0.17554323 -0.18041337  1.57494957  0.93834455
  0.25061019  0.66447365 -0.41338037]
0.556
[-0.30195021  0.0307719   0.17554323 -0.18041337  1.05493905  0.93834455
  0.25061019  0.66447365 -0.41338037]
0.552
[-0.18764788 -0.46611696 -0.35875979 -0.24560785  1.06373667  0.61080716
 -0.11210107  0.09789569 -0.21455239]
0.562
[-0.18764788 -0.46611696 -0.35875979 -0.24560785  1.07193285  0.61080716
 -0.11210107  0.09789569 -0.21455239]
0.564
[-0.18764788 -0.46611696 -0.35875979 -0.24560785  1.34866137  0.61080716
 -0.11210107  0.09789569 -0.21455239]
0.562
[-0.18764788 -0.46611696 -0.35875979 -0.24560785  1.06474873  0.61080716
 -0.11210107  0.09789569 -0.21455239]
0.564
[-0.18764788 -0.46611696 -0.35875979 -0.24560785  0.39003846  0.61080716
 -0.11210107  0.09789569 -0.21455239]
0.552
[-0.18764788 -0.46611696 -0.35875979 -0.24560785  1.84603124  0.61080716
 -0.11210107  0.09789569 -0.21455239]
0.558
[-0.18764788 -0.46611696 -0.35875979 -0.24560785  1.04019447  0.61080716
 -0.11210107  0.09789569 -0.21455239]
0.566
[-0.21918034  0.11086663  0.50416957 -0.54369071  0.95615658  0.84362052
  0.81794937 -0.01299137 -0.93688109]
0.554
[-0.21918034  0.11086663  0.50416957 -0.54369071  1.26625199  0.84362052
  0.81794937 -0.01299137 -0.93688109]
0.562
[-0.21918034  0.11086663  0.50416957 -0.54369071  1.2624872   0.84362052
  0.81794937 -0.01299137 -0.93688109]
0.554
[-0.21918034  0.11086663  0.50416957 -0.54369071  0.66258653  0.84362052
  0.81794937 -0.01299137 -0.93688109]
0.576
[-0.68495327  0.12401791  0.63883251 -0.92073238  0.75467693  0.84362052
  0.81794937 -0.01299137 -0.93688109]
0.578
[-0.21918034  0.11086663  0.50416957 -0.54369071  0.17979143  0.84362052
  0.81794937 -0.01299137 -0.93688109]
0.57
[-0.21918034  0.11086663  0.50416957 -0.54369071  1.57796129  0.84362052
  0.81794937 -0.01299137 -0.93688109]
0.566
[-0.21918034  0.11086663  0.50416957 -0.54369071  0.87956521  0.84362052
  0.81794937 -0.01299137 -0.93688109]
0.592
[ 0.74874578  0.70088927 -0.58050192 -0.51900168  0.49288722  0.58783474
  0.99933236  0.37875809  0.06975127]
0.56
[ 0.74874578  0.70088927 -0.58050192 -0.51900168  1.45200305  0.58783474
  0.99933236  0.37875809  0.06975127]
0.558
[ 0.74874578  0.70088927 -0.58050192 -0.51900168  1.48094833  0.58783474
  0.99933236  0.37875809  0.06975127]
0.58
[ 0.74874578  0.70088927 -0.58050192 -0.51900168  2.33853772  0.58783474
  0.99933236  0.37875809  0.06975127]
0.57
[ 0.74874578  0.70088927 -0.58050192 -0.51900168  1.70761418  0.83903836
  0.10215583 -0.93538725  0.17143941]
0.556
[ 0.74874578  0.70088927 -0.58050192 -0.51900168  1.06273496  0.58783474
  0.99933236  0.37875809  0.06975127]
0.568
[ 0.74874578  0.70088927 -0.58050192 -0.51900168  1.02986097  0.58783474
  0.99933236  0.37875809  0.06975127]
0.568
[ 0.74874578  0.70088927 -0.58050192 -0.51900168  2.14469254  0.58783474
  0.99933236  0.37875809  0.06975127]
0.578
[ 0.74874578  0.70088927 -0.58050192 -0.51900168  1.36180763  0.83903836
  0.10215583 -0.93538725  0.17143941]
0.554
[ 0.74874578  0.70088927 -0.58050192 -0.51900168  1.55044597  0.83903836
  0.10215583 -0.93538725  0.17143941]
0.554
[ 0.74874578  0.70088927 -0.58050192 -0.51900168  1.11897499  0.58783474
  0.99933236  0.37875809  0.06975127]
0.566
[ 0.74874578  0.70088927 -0.58050192 -0.51900168  1.75783532  0.58783474
  0.99933236  0.37875809  0.06975127]
0.554
[-6.61364902e-01  4.66986839e-04 -9.20536012e-01 -7.42923151e-01
  1.18105182e+00  9.94118598e-01  4.55254341e-01  6.59518665e-01
  1.06799454e-01]
0.56
[-6.61364902e-01  4.66986839e-04 -9.20536012e-01 -7.42923151e-01
  1.74141431e+00  9.94118598e-01  4.55254341e-01  6.59518665e-01
  1.06799454e-01]
0.584
[-6.61364902e-01  4.66986839e-04 -9.20536012e-01 -7.42923151e-01
  1.84535352e+00  9.94118598e-01  4.55254341e-01  6.59518665e-01
  1.06799454e-01]
0.568
[-6.61364902e-01  4.66986839e-04 -9.20536012e-01 -7.42923151e-01
  1.96557855e+00  9.94118598e-01  4.55254341e-01  6.59518665e-01
  1.06799454e-01]
0.574
[-6.61364902e-01  4.66986839e-04 -9.20536012e-01 -7.42923151e-01
  1.15532580e+00  9.94118598e-01  4.55254341e-01  6.59518665e-01
  1.06799454e-01]
0.556
[-6.61364902e-01  4.66986839e-04 -9.20536012e-01 -7.42923151e-01
  7.84708111e-01  9.94118598e-01  4.55254341e-01  6.59518665e-01
  1.06799454e-01]
0.558
[-6.61364902e-01  4.66986839e-04 -9.20536012e-01 -7.42923151e-01
  1.25792292e+00  9.94118598e-01  4.55254341e-01  6.59518665e-01
  1.06799454e-01]
0.578
[-6.61364902e-01  4.66986839e-04 -9.20536012e-01 -7.42923151e-01
  2.13937555e+00  9.94118598e-01  4.55254341e-01  6.59518665e-01
  1.06799454e-01]
0.554
[-0.30195021  0.0307719   0.17554323 -0.18041337  1.02532357  0.93834455
  0.25061019  0.66447365 -0.41338037]
0.576
[-0.30195021  0.0307719   0.17554323 -0.18041337  0.95866332  0.93834455
  0.25061019  0.66447365 -0.41338037]
0.552
[-0.30195021  0.0307719   0.17554323 -0.18041337  1.22628982  0.93834455
  0.25061019  0.66447365 -0.41338037]
0.564
[-0.30195021  0.0307719   0.17554323 -0.18041337  0.47180627  0.93834455
  0.25061019  0.66447365 -0.41338037]
0.554
[-0.30195021  0.0307719   0.17554323 -0.18041337  1.45835727  0.93834455
  0.25061019  0.66447365 -0.41338037]
0.56
[-0.18764788 -0.46611696 -0.35875979 -0.24560785  1.07193285  0.61080716
 -0.11210107  0.09789569 -0.21455239]
0.558
[-0.18764788 -0.46611696 -0.35875979 -0.24560785  1.06474873  0.61080716
 -0.11210107  0.09789569 -0.21455239]
0.586
[-0.18764788 -0.46611696 -0.35875979 -0.24560785  0.96043308  0.61080716
 -0.11210107  0.09789569 -0.21455239]
0.562
[-0.18764788 -0.46611696 -0.35875979 -0.24560785  1.00601085  0.61080716
 -0.11210107  0.09789569 -0.21455239]
0.554
[-0.18764788 -0.46611696 -0.35875979 -0.24560785  1.09913853  0.61080716
 -0.11210107  0.09789569 -0.21455239]
0.572
[-0.18764788 -0.46611696 -0.35875979 -0.24560785  0.60311662  0.61080716
 -0.11210107  0.09789569 -0.21455239]
0.568
[-0.21918034  0.11086663  0.50416957 -0.54369071  0.87956521  0.84362052
  0.81794937 -0.01299137 -0.93688109]
0.56
[-0.68495327  0.12401791  0.63883251 -0.92073238  0.75467693  0.84362052
  0.81794937 -0.01299137 -0.93688109]
0.552
[-0.21918034  0.11086663  0.50416957 -0.54369071  0.66258653  0.84362052
  0.81794937 -0.01299137 -0.93688109]
0.574
[-0.21918034  0.11086663  0.50416957 -0.54369071  0.17979143  0.84362052
  0.81794937 -0.01299137 -0.93688109]
0.552
[-0.21918034  0.11086663  0.50416957 -0.54369071  0.95615658  0.84362052
  0.81794937 -0.01299137 -0.93688109]
0.56
[-0.21918034  0.11086663  0.50416957 -0.54369071  1.2624872   0.84362052
  0.81794937 -0.01299137 -0.93688109]
0.596
[-0.21918034  0.11086663  0.50416957 -0.54369071  1.41886053  0.84362052
  0.81794937 -0.01299137 -0.93688109]
0.556
[-0.21918034  0.11086663  0.50416957 -0.54369071  1.68991869  0.84362052
  0.81794937 -0.01299137 -0.93688109]
0.552
[-0.21918034  0.11086663  0.50416957 -0.54369071  0.04118314  0.84362052
  0.81794937 -0.01299137 -0.93688109]
0.556
[-0.68495327  0.12401791  0.63883251 -0.92073238  0.4664342   0.84362052
  0.81794937 -0.01299137 -0.93688109]
0.556
[ 0.57236768  0.5738312   0.7111869  -0.68035959  1.97797238  0.84362052
  0.81794937 -0.01299137 -0.93688109]
0.556
[-0.21918034  0.11086663  0.50416957 -0.54369071  0.65931251  0.84362052
  0.81794937 -0.01299137 -0.93688109]
0.568
[-0.21918034  0.11086663  0.50416957 -0.54369071  0.80640495  0.84362052
  0.81794937 -0.01299137 -0.93688109]
0.57
[ 0.57236768  0.5738312   0.7111869  -0.68035959  1.26046554  0.84362052
  0.81794937 -0.01299137 -0.93688109]
0.562
[ 0.74874578  0.70088927 -0.58050192 -0.51900168  1.06273496  0.58783474
  0.99933236  0.37875809  0.06975127]
0.578
[ 0.74874578  0.70088927 -0.58050192 -0.51900168  1.02986097  0.58783474
  0.99933236  0.37875809  0.06975127]
0.556
[ 0.74874578  0.70088927 -0.58050192 -0.51900168  1.45200305  0.58783474
  0.99933236  0.37875809  0.06975127]
0.554
[ 0.74874578  0.70088927 -0.58050192 -0.51900168  1.75783532  0.58783474
  0.99933236  0.37875809  0.06975127]
0.568
[ 0.74874578  0.70088927 -0.58050192 -0.51900168  0.67807118  0.58783474
  0.99933236  0.37875809  0.06975127]
0.556
[ 0.74874578  0.70088927 -0.58050192 -0.51900168  0.65358355  0.58783474
  0.99933236  0.37875809  0.06975127]
0.556
[ 0.74874578  0.70088927 -0.58050192 -0.51900168  1.48069716  0.58783474
  0.99933236  0.37875809  0.06975127]
0.556
[ 0.74874578  0.70088927 -0.58050192 -0.51900168  1.65982025  0.58783474
  0.99933236  0.37875809  0.06975127]
0.578
[ 0.74874578  0.70088927 -0.58050192 -0.51900168  1.90293471  0.58783474
  0.99933236  0.37875809  0.06975127]
0.564
[ 0.74874578  0.70088927 -0.58050192 -0.51900168  1.46224978  0.58783474
  0.99933236  0.37875809  0.06975127]
0.556
[ 0.74874578  0.70088927 -0.58050192 -0.51900168  1.65362485  0.58783474
  0.99933236  0.37875809  0.06975127]
0.57
[ 0.74874578  0.70088927 -0.58050192 -0.51900168  1.17509035  0.58783474
  0.99933236  0.37875809  0.06975127]
0.56
[-0.30195021  0.0307719   0.17554323 -0.18041337  1.45835727  0.93834455
  0.25061019  0.66447365 -0.41338037]
0.554
[-0.30195021  0.0307719   0.17554323 -0.18041337  0.47180627  0.93834455
  0.25061019  0.66447365 -0.41338037]
0.57
[-0.30195021  0.0307719   0.17554323 -0.18041337  0.48492455  0.93834455
  0.25061019  0.66447365 -0.41338037]
0.556
[-0.0492601  -0.4097076  -0.90502164 -0.53496277  1.3389687   0.93834455
  0.25061019  0.66447365 -0.41338037]
0.558
[-0.30195021  0.0307719   0.17554323 -0.18041337  1.10806551  0.93834455
  0.25061019  0.66447365 -0.41338037]
0.552
[-0.30195021  0.0307719   0.17554323 -0.18041337  0.58249167  0.93834455
  0.25061019  0.66447365 -0.41338037]
0.57
[-0.30195021  0.0307719   0.17554323 -0.18041337  1.05493905  0.93834455
  0.25061019  0.66447365 -0.41338037]
0.554
[-0.30195021  0.0307719   0.17554323 -0.18041337  0.96775965  0.93834455
  0.25061019  0.66447365 -0.41338037]
0.58
[-0.0492601  -0.4097076  -0.90502164 -0.53496277  1.61820633  0.93834455
  0.25061019  0.66447365 -0.41338037]
0.566
[-0.30195021  0.0307719   0.17554323 -0.18041337  0.26376978  0.93834455
  0.25061019  0.66447365 -0.41338037]
0.552
[-0.30195021  0.0307719   0.17554323 -0.18041337  0.64725829  0.93834455
  0.25061019  0.66447365 -0.41338037]
0.572
[-0.30195021  0.0307719   0.17554323 -0.18041337  1.11396664  0.93834455
  0.25061019  0.66447365 -0.41338037]
0.572
[-0.0492601  -0.4097076  -0.90502164 -0.53496277  0.65556568  0.93834455
  0.25061019  0.66447365 -0.41338037]
0.556
[-0.30195021  0.0307719   0.17554323 -0.18041337  1.14579209  0.93834455
  0.25061019  0.66447365 -0.41338037]
0.562
[-0.30195021  0.0307719   0.17554323 -0.18041337  0.60909712  0.93834455
  0.25061019  0.66447365 -0.41338037]
0.572
[-0.30195021  0.0307719   0.17554323 -0.18041337  0.51055446  0.93834455
  0.25061019  0.66447365 -0.41338037]
0.562
[-6.61364902e-01  4.66986839e-04 -9.20536012e-01 -7.42923151e-01
  1.25792292e+00  9.94118598e-01  4.55254341e-01  6.59518665e-01
  1.06799454e-01]
0.58
[-6.61364902e-01  4.66986839e-04 -9.20536012e-01 -7.42923151e-01
  1.96557855e+00  9.94118598e-01  4.55254341e-01  6.59518665e-01
  1.06799454e-01]
0.556
[-6.61364902e-01  4.66986839e-04 -9.20536012e-01 -7.42923151e-01
  1.15532580e+00  9.94118598e-01  4.55254341e-01  6.59518665e-01
  1.06799454e-01]
0.572
[-6.61364902e-01  4.66986839e-04 -9.20536012e-01 -7.42923151e-01
  9.58827710e-01  9.94118598e-01  4.55254341e-01  6.59518665e-01
  1.06799454e-01]
0.558
[-6.61364902e-01  4.66986839e-04 -9.20536012e-01 -7.42923151e-01
  1.80253856e+00  9.94118598e-01  4.55254341e-01  6.59518665e-01
  1.06799454e-01]
0.568
[-6.61364902e-01  4.66986839e-04 -9.20536012e-01 -7.42923151e-01
  1.54008981e+00  9.94118598e-01  4.55254341e-01  6.59518665e-01
  1.06799454e-01]
0.566
[-6.61364902e-01  4.66986839e-04 -9.20536012e-01 -7.42923151e-01
  1.47659919e+00  9.94118598e-01  4.55254341e-01  6.59518665e-01
  1.06799454e-01]
0.556
[-6.61364902e-01  4.66986839e-04 -9.20536012e-01 -7.42923151e-01
  5.47247390e-01  9.94118598e-01  4.55254341e-01  6.59518665e-01
  1.06799454e-01]
0.576
[-0.21918034  0.11086663  0.50416957 -0.54369071  0.66258653  0.84362052
  0.81794937 -0.01299137 -0.93688109]
0.578
[-0.21918034  0.11086663  0.50416957 -0.54369071  0.65931251  0.84362052
  0.81794937 -0.01299137 -0.93688109]
0.566
[ 0.57236768  0.5738312   0.7111869  -0.68035959  1.26046554  0.84362052
  0.81794937 -0.01299137 -0.93688109]
0.552
[-0.68495327  0.12401791  0.63883251 -0.92073238  0.4664342   0.84362052
  0.81794937 -0.01299137 -0.93688109]
0.562
[-0.21918034  0.11086663  0.50416957 -0.54369071  0.98529842  0.84362052
  0.81794937 -0.01299137 -0.93688109]
0.576
[-0.21918034  0.11086663  0.50416957 -0.54369071  1.198625    0.84362052
  0.81794937 -0.01299137 -0.93688109]
0.558
[-0.60663784  0.48765579 -0.07856088 -0.61638747  1.51405512  0.84362052
  0.81794937 -0.01299137 -0.93688109]
0.568
[-0.21918034  0.11086663  0.50416957 -0.54369071  0.98939534  0.84362052
  0.81794937 -0.01299137 -0.93688109]
0.58
[ 0.74874578  0.70088927 -0.58050192 -0.51900168  1.06273496  0.58783474
  0.99933236  0.37875809  0.06975127]
0.554
[ 0.74874578  0.70088927 -0.58050192 -0.51900168  1.17509035  0.58783474
  0.99933236  0.37875809  0.06975127]
0.558
[ 0.74874578  0.70088927 -0.58050192 -0.51900168  1.02986097  0.58783474
  0.99933236  0.37875809  0.06975127]
0.562
[ 0.74874578  0.70088927 -0.58050192 -0.51900168  0.67807118  0.58783474
  0.99933236  0.37875809  0.06975127]
0.562
[ 0.74874578  0.70088927 -0.58050192 -0.51900168  0.65358355  0.58783474
  0.99933236  0.37875809  0.06975127]
0.57
[ 0.74874578  0.70088927 -0.58050192 -0.51900168  0.88606861  0.58783474
  0.99933236  0.37875809  0.06975127]
0.578
[ 0.74874578  0.70088927 -0.58050192 -0.51900168  1.94565244  0.58783474
  0.99933236  0.37875809  0.06975127]
0.572
[ 0.74874578  0.70088927 -0.58050192 -0.51900168  2.60069558  0.58783474
  0.99933236  0.37875809  0.06975127]
0.566
[ 0.74874578  0.70088927 -0.58050192 -0.51900168  1.27095499  0.58783474
  0.99933236  0.37875809  0.06975127]
0.566
[ 0.74874578  0.70088927 -0.58050192 -0.51900168  1.6458294   0.58783474
  0.99933236  0.37875809  0.06975127]
0.586
[ 0.74874578  0.70088927 -0.58050192 -0.51900168  0.66897272  0.58783474
  0.99933236  0.37875809  0.06975127]
0.582
[ 0.74874578  0.70088927 -0.58050192 -0.51900168  1.11470926  0.58783474
  0.99933236  0.37875809  0.06975127]
0.558
[ 0.74874578  0.70088927 -0.58050192 -0.51900168  1.44689705  0.58783474
  0.99933236  0.37875809  0.06975127]
0.584
[ 0.74874578  0.70088927 -0.58050192 -0.51900168  0.90971659  0.58783474
  0.99933236  0.37875809  0.06975127]
0.582
[ 0.74874578  0.70088927 -0.58050192 -0.51900168  1.15531581  0.83903836
  0.10215583 -0.93538725  0.17143941]
0.564
[-0.18764788 -0.46611696 -0.35875979 -0.24560785  1.09913853  0.61080716
 -0.11210107  0.09789569 -0.21455239]
0.574
[-0.18764788 -0.46611696 -0.35875979 -0.24560785  0.95986403  0.61080716
 -0.11210107  0.09789569 -0.21455239]
0.554
[-0.18764788 -0.46611696 -0.35875979 -0.24560785  0.79144417  0.61080716
 -0.11210107  0.09789569 -0.21455239]
0.552
[-0.18764788 -0.46611696 -0.35875979 -0.24560785  0.7567416   0.61080716
 -0.11210107  0.09789569 -0.21455239]
0.566
[-0.18764788 -0.46611696 -0.35875979 -0.24560785  1.13483443  0.61080716
 -0.11210107  0.09789569 -0.21455239]
0.552
[-0.18764788 -0.46611696 -0.35875979 -0.24560785  0.76347115  0.61080716
 -0.11210107  0.09789569 -0.21455239]
0.552
[-0.18764788 -0.46611696 -0.35875979 -0.24560785  0.89387219  0.61080716
 -0.11210107  0.09789569 -0.21455239]
0.57
[-0.30195021  0.0307719   0.17554323 -0.18041337  0.64725829  0.93834455
  0.25061019  0.66447365 -0.41338037]
0.564
[-0.30195021  0.0307719   0.17554323 -0.18041337  0.58249167  0.93834455
  0.25061019  0.66447365 -0.41338037]
0.56
[-0.30195021  0.0307719   0.17554323 -0.18041337  1.05493905  0.93834455
  0.25061019  0.66447365 -0.41338037]
0.576
[-0.30195021  0.0307719   0.17554323 -0.18041337  0.92623648  0.93834455
  0.25061019  0.66447365 -0.41338037]
0.552
[-0.30195021  0.0307719   0.17554323 -0.18041337  1.19783658  0.93834455
  0.25061019  0.66447365 -0.41338037]
0.592
[-0.30195021  0.0307719   0.17554323 -0.18041337  1.16370892  0.93834455
  0.25061019  0.66447365 -0.41338037]
0.562
[-0.0492601  -0.4097076  -0.90502164 -0.53496277  1.83950354  0.93834455
  0.25061019  0.66447365 -0.41338037]
0.582
[-0.0492601  -0.4097076  -0.90502164 -0.53496277  1.47434818  0.93834455
  0.25061019  0.66447365 -0.41338037]
0.566
[-0.30195021  0.0307719   0.17554323 -0.18041337  0.35144456  0.93834455
  0.25061019  0.66447365 -0.41338037]
0.552
[-0.30195021  0.0307719   0.17554323 -0.18041337  1.04428197  0.93834455
  0.25061019  0.66447365 -0.41338037]
0.586
[-6.61364902e-01  4.66986839e-04 -9.20536012e-01 -7.42923151e-01
  1.25792292e+00  9.94118598e-01  4.55254341e-01  6.59518665e-01
  1.06799454e-01]
0.586
[-6.61364902e-01  4.66986839e-04 -9.20536012e-01 -7.42923151e-01
  5.47247390e-01  9.94118598e-01  4.55254341e-01  6.59518665e-01
  1.06799454e-01]
0.554
[-6.61364902e-01  4.66986839e-04 -9.20536012e-01 -7.42923151e-01
  1.15532580e+00  9.94118598e-01  4.55254341e-01  6.59518665e-01
  1.06799454e-01]
0.552
[-6.61364902e-01  4.66986839e-04 -9.20536012e-01 -7.42923151e-01
  9.58827710e-01  9.94118598e-01  4.55254341e-01  6.59518665e-01
  1.06799454e-01]
0.552
[-6.61364902e-01  4.66986839e-04 -9.20536012e-01 -7.42923151e-01
  1.47659919e+00  9.94118598e-01  4.55254341e-01  6.59518665e-01
  1.06799454e-01]
0.572
[-6.61364902e-01  4.66986839e-04 -9.20536012e-01 -7.42923151e-01
  2.13280650e+00  9.94118598e-01  4.55254341e-01  6.59518665e-01
  1.06799454e-01]
0.558
[-6.61364902e-01  4.66986839e-04 -9.20536012e-01 -7.42923151e-01
  1.18112213e+00  9.94118598e-01  4.55254341e-01  6.59518665e-01
  1.06799454e-01]
0.576
[-6.61364902e-01  4.66986839e-04 -9.20536012e-01 -7.42923151e-01
  1.15142176e+00  9.94118598e-01  4.55254341e-01  6.59518665e-01
  1.06799454e-01]
0.572
[-6.61364902e-01  4.66986839e-04 -9.20536012e-01 -7.42923151e-01
  2.01875587e+00  9.94118598e-01  4.55254341e-01  6.59518665e-01
  1.06799454e-01]
0.552
[-6.61364902e-01  4.66986839e-04 -9.20536012e-01 -7.42923151e-01
  1.74772684e+00  9.94118598e-01  4.55254341e-01  6.59518665e-01
  1.06799454e-01]
0.558
[-6.61364902e-01  4.66986839e-04 -9.20536012e-01 -7.42923151e-01
  9.32254784e-01  9.94118598e-01  4.55254341e-01  6.59518665e-01
  1.06799454e-01]
0.576
[-6.61364902e-01  4.66986839e-04 -9.20536012e-01 -7.42923151e-01
  3.05707164e-01  9.94118598e-01  4.55254341e-01  6.59518665e-01
  1.06799454e-01]
0.552
[-0.21918034  0.11086663  0.50416957 -0.54369071  0.65931251  0.84362052
  0.81794937 -0.01299137 -0.93688109]
0.558
[-0.21918034  0.11086663  0.50416957 -0.54369071  0.04118314  0.84362052
  0.81794937 -0.01299137 -0.93688109]
0.556
[-0.21918034  0.11086663  0.50416957 -0.54369071  2.26664289  0.84362052
  0.81794937 -0.01299137 -0.93688109]
0.564
[-0.21918034  0.11086663  0.50416957 -0.54369071  0.95615658  0.84362052
  0.81794937 -0.01299137 -0.93688109]
0.568
[-0.21918034  0.11086663  0.50416957 -0.54369071  1.97761394  0.84362052
  0.81794937 -0.01299137 -0.93688109]
0.594
[-0.21918034  0.11086663  0.50416957 -0.54369071  1.16858527  0.84362052
  0.81794937 -0.01299137 -0.93688109]
0.566
[-0.21918034  0.11086663  0.50416957 -0.54369071  0.36224775  0.84362052
  0.81794937 -0.01299137 -0.93688109]
0.578
[-0.21918034  0.11086663  0.50416957 -0.54369071  1.57680846  0.84362052
  0.81794937 -0.01299137 -0.93688109]
0.558
[-0.21918034  0.11086663  0.50416957 -0.54369071  1.07806457  0.84362052
  0.81794937 -0.01299137 -0.93688109]
0.584
[-0.21918034  0.11086663  0.50416957 -0.54369071  1.60183075  0.84362052
  0.81794937 -0.01299137 -0.93688109]
0.562
[ 0.74874578  0.70088927 -0.58050192 -0.51900168  1.6458294   0.58783474
  0.99933236  0.37875809  0.06975127]
0.552
[ 0.74874578  0.70088927 -0.58050192 -0.51900168  1.44689705  0.58783474
  0.99933236  0.37875809  0.06975127]
0.57
[ 0.74874578  0.70088927 -0.58050192 -0.51900168  0.90971659  0.58783474
  0.99933236  0.37875809  0.06975127]
0.57
[ 0.74874578  0.70088927 -0.58050192 -0.51900168  0.65358355  0.58783474
  0.99933236  0.37875809  0.06975127]
0.592
[ 0.74874578  0.70088927 -0.58050192 -0.51900168  1.27095499  0.58783474
  0.99933236  0.37875809  0.06975127]
0.564
[ 0.74874578  0.70088927 -0.58050192 -0.51900168  1.15531581  0.83903836
  0.10215583 -0.93538725  0.17143941]
0.594
[ 0.74874578  0.70088927 -0.58050192 -0.51900168  1.02986097  0.58783474
  0.99933236  0.37875809  0.06975127]
0.564
[ 0.74874578  0.70088927 -0.58050192 -0.51900168  1.17509035  0.58783474
  0.99933236  0.37875809  0.06975127]
0.552
[ 0.74874578  0.70088927 -0.58050192 -0.51900168  1.11470926  0.58783474
  0.99933236  0.37875809  0.06975127]
0.554
[ 0.74874578  0.70088927 -0.58050192 -0.51900168  1.06273496  0.58783474
  0.99933236  0.37875809  0.06975127]
0.558
[ 0.74874578  0.70088927 -0.58050192 -0.51900168  1.51313408  0.58783474
  0.99933236  0.37875809  0.06975127]
0.56
[ 0.74874578  0.70088927 -0.58050192 -0.51900168  1.32125985  0.58783474
  0.99933236  0.37875809  0.06975127]
0.574
[ 0.74874578  0.70088927 -0.58050192 -0.51900168  1.0528562   0.58783474
  0.99933236  0.37875809  0.06975127]
0.566
[ 0.74874578  0.70088927 -0.58050192 -0.51900168  2.86991318  0.58783474
  0.99933236  0.37875809  0.06975127]
0.554
[ 0.74874578  0.70088927 -0.58050192 -0.51900168  0.8793006   0.58783474
  0.99933236  0.37875809  0.06975127]
0.56
[ 0.74874578  0.70088927 -0.58050192 -0.51900168  2.37819599  0.58783474
  0.99933236  0.37875809  0.06975127]
0.566
[-0.18764788 -0.46611696 -0.35875979 -0.24560785  1.09913853  0.61080716
 -0.11210107  0.09789569 -0.21455239]
0.558
[-0.18764788 -0.46611696 -0.35875979 -0.24560785  0.89387219  0.61080716
 -0.11210107  0.09789569 -0.21455239]
0.574
[-0.18764788 -0.46611696 -0.35875979 -0.24560785  0.84108484  0.61080716
 -0.11210107  0.09789569 -0.21455239]
0.576
[-0.18764788 -0.46611696 -0.35875979 -0.24560785  0.32887019  0.61080716
 -0.11210107  0.09789569 -0.21455239]
0.552
[-0.18764788 -0.46611696 -0.35875979 -0.24560785  1.04418225  0.61080716
 -0.11210107  0.09789569 -0.21455239]
0.566
[-0.18764788 -0.46611696 -0.35875979 -0.24560785  1.02314604  0.61080716
 -0.11210107  0.09789569 -0.21455239]
0.596
[-0.18764788 -0.46611696 -0.35875979 -0.24560785  0.22101515  0.61080716
 -0.11210107  0.09789569 -0.21455239]
0.558
[-0.0492601  -0.4097076  -0.90502164 -0.53496277  1.83950354  0.93834455
  0.25061019  0.66447365 -0.41338037]
0.584
[-0.0492601  -0.4097076  -0.90502164 -0.53496277  1.47434818  0.93834455
  0.25061019  0.66447365 -0.41338037]
0.588
[-0.30195021  0.0307719   0.17554323 -0.18041337  0.35144456  0.93834455
  0.25061019  0.66447365 -0.41338037]
0.554
[-0.30195021  0.0307719   0.17554323 -0.18041337  0.96775965  0.93834455
  0.25061019  0.66447365 -0.41338037]
0.57
[-0.30195021  0.0307719   0.17554323 -0.18041337  0.47180627  0.93834455
  0.25061019  0.66447365 -0.41338037]
0.556
[-0.30195021  0.0307719   0.17554323 -0.18041337  0.48492455  0.93834455
  0.25061019  0.66447365 -0.41338037]
0.558
[-0.30195021  0.0307719   0.17554323 -0.18041337  0.97269093  0.93834455
  0.25061019  0.66447365 -0.41338037]
0.556
[-0.0492601  -0.4097076  -0.90502164 -0.53496277  0.72492357  0.93834455
  0.25061019  0.66447365 -0.41338037]
0.558
[-0.30195021  0.0307719   0.17554323 -0.18041337  1.46549617  0.93834455
  0.25061019  0.66447365 -0.41338037]
0.556
[-0.30195021  0.0307719   0.17554323 -0.18041337  1.31631442  0.93834455
  0.25061019  0.66447365 -0.41338037]
0.566
[-0.30195021  0.0307719   0.17554323 -0.18041337  0.02564974  0.93834455
  0.25061019  0.66447365 -0.41338037]
0.554
[-0.0492601  -0.4097076  -0.90502164 -0.53496277  1.67488662  0.93834455
  0.25061019  0.66447365 -0.41338037]
0.552
[-0.30195021  0.0307719   0.17554323 -0.18041337  0.35109504  0.93834455
  0.25061019  0.66447365 -0.41338037]
0.562
[-6.61364902e-01  4.66986839e-04 -9.20536012e-01 -7.42923151e-01
  1.25792292e+00  9.94118598e-01  4.55254341e-01  6.59518665e-01
  1.06799454e-01]
0.596
[-6.61364902e-01  4.66986839e-04 -9.20536012e-01 -7.42923151e-01
  1.47659919e+00  9.94118598e-01  4.55254341e-01  6.59518665e-01
  1.06799454e-01]
0.556
[-6.61364902e-01  4.66986839e-04 -9.20536012e-01 -7.42923151e-01
  1.74772684e+00  9.94118598e-01  4.55254341e-01  6.59518665e-01
  1.06799454e-01]
0.568
[-6.61364902e-01  4.66986839e-04 -9.20536012e-01 -7.42923151e-01
  1.15532580e+00  9.94118598e-01  4.55254341e-01  6.59518665e-01
  1.06799454e-01]
0.552
[-6.61364902e-01  4.66986839e-04 -9.20536012e-01 -7.42923151e-01
  9.58827710e-01  9.94118598e-01  4.55254341e-01  6.59518665e-01
  1.06799454e-01]
0.562
[-6.61364902e-01  4.66986839e-04 -9.20536012e-01 -7.42923151e-01
  2.01875587e+00  9.94118598e-01  4.55254341e-01  6.59518665e-01
  1.06799454e-01]
0.58
[-6.61364902e-01  4.66986839e-04 -9.20536012e-01 -7.42923151e-01
  1.66925054e+00  9.94118598e-01  4.55254341e-01  6.59518665e-01
  1.06799454e-01]
0.578
[-6.61364902e-01  4.66986839e-04 -9.20536012e-01 -7.42923151e-01
  2.42158599e+00  9.94118598e-01  4.55254341e-01  6.59518665e-01
  1.06799454e-01]
0.58
[-6.61364902e-01  4.66986839e-04 -9.20536012e-01 -7.42923151e-01
  1.25383190e+00  9.94118598e-01  4.55254341e-01  6.59518665e-01
  1.06799454e-01]
0.552
[-6.61364902e-01  4.66986839e-04 -9.20536012e-01 -7.42923151e-01
  1.15359879e+00  9.94118598e-01  4.55254341e-01  6.59518665e-01
  1.06799454e-01]
0.572
[-6.61364902e-01  4.66986839e-04 -9.20536012e-01 -7.42923151e-01
  1.31483742e+00  9.94118598e-01  4.55254341e-01  6.59518665e-01
  1.06799454e-01]
0.562
[-6.61364902e-01  4.66986839e-04 -9.20536012e-01 -7.42923151e-01
  2.13105183e+00  9.94118598e-01  4.55254341e-01  6.59518665e-01
  1.06799454e-01]
0.572
[-6.61364902e-01  4.66986839e-04 -9.20536012e-01 -7.42923151e-01
  1.16763303e+00  9.94118598e-01  4.55254341e-01  6.59518665e-01
  1.06799454e-01]
0.56
[-6.61364902e-01  4.66986839e-04 -9.20536012e-01 -7.42923151e-01
  1.34204592e+00  9.94118598e-01  4.55254341e-01  6.59518665e-01
  1.06799454e-01]
0.574
[ 0.74874578  0.70088927 -0.58050192 -0.51900168  0.65358355  0.58783474
  0.99933236  0.37875809  0.06975127]
0.57
[ 0.74874578  0.70088927 -0.58050192 -0.51900168  1.32125985  0.58783474
  0.99933236  0.37875809  0.06975127]
0.578
[ 0.74874578  0.70088927 -0.58050192 -0.51900168  1.44689705  0.58783474
  0.99933236  0.37875809  0.06975127]
0.552
[ 0.74874578  0.70088927 -0.58050192 -0.51900168  1.11470926  0.58783474
  0.99933236  0.37875809  0.06975127]
0.578
[ 0.74874578  0.70088927 -0.58050192 -0.51900168  0.65500093  0.58783474
  0.99933236  0.37875809  0.06975127]
0.576
[ 0.74874578  0.70088927 -0.58050192 -0.51900168  0.53389216  0.58783474
  0.99933236  0.37875809  0.06975127]
0.554
[ 0.74874578  0.70088927 -0.58050192 -0.51900168  1.52231123  0.58783474
  0.99933236  0.37875809  0.06975127]
0.59
[ 0.74874578  0.70088927 -0.58050192 -0.51900168  1.70413714  0.58783474
  0.99933236  0.37875809  0.06975127]
0.576
[ 0.74874578  0.70088927 -0.58050192 -0.51900168  1.3840718   0.58783474
  0.99933236  0.37875809  0.06975127]
0.562
[ 0.74874578  0.70088927 -0.58050192 -0.51900168  1.88961547  0.58783474
  0.99933236  0.37875809  0.06975127]
0.558
[ 0.74874578  0.70088927 -0.58050192 -0.51900168  1.51816934  0.58783474
  0.99933236  0.37875809  0.06975127]
0.566
[ 0.74874578  0.70088927 -0.58050192 -0.51900168  1.77344856  0.58783474
  0.99933236  0.37875809  0.06975127]
0.558
[ 0.74874578  0.70088927 -0.58050192 -0.51900168  0.3846877   0.83903836
  0.10215583 -0.93538725  0.17143941]
0.56
[-0.21918034  0.11086663  0.50416957 -0.54369071  1.07806457  0.84362052
  0.81794937 -0.01299137 -0.93688109]
0.582
[-0.21918034  0.11086663  0.50416957 -0.54369071  0.36224775  0.84362052
  0.81794937 -0.01299137 -0.93688109]
0.572
[-0.21918034  0.11086663  0.50416957 -0.54369071  1.16858527  0.84362052
  0.81794937 -0.01299137 -0.93688109]
0.574
[-0.21918034  0.11086663  0.50416957 -0.54369071  1.60183075  0.84362052
  0.81794937 -0.01299137 -0.93688109]
0.554
[-0.21918034  0.11086663  0.50416957 -0.54369071  0.04118314  0.84362052
  0.81794937 -0.01299137 -0.93688109]
0.556
[-0.21918034  0.11086663  0.50416957 -0.54369071  0.79666944  0.84362052
  0.81794937 -0.01299137 -0.93688109]
0.562
[ 0.57236768  0.5738312   0.7111869  -0.68035959  0.56660962  0.84362052
  0.81794937 -0.01299137 -0.93688109]
0.562
[-0.21918034  0.11086663  0.50416957 -0.54369071  1.198625    0.84362052
  0.81794937 -0.01299137 -0.93688109]
0.566
[-0.21918034  0.11086663  0.50416957 -0.54369071  0.6231185   0.84362052
  0.81794937 -0.01299137 -0.93688109]
0.552
[-0.21918034  0.11086663  0.50416957 -0.54369071  1.39419355  0.84362052
  0.81794937 -0.01299137 -0.93688109]
0.58
[-0.21918034  0.11086663  0.50416957 -0.54369071  1.76598909  0.84362052
  0.81794937 -0.01299137 -0.93688109]
0.56
[-0.21918034  0.11086663  0.50416957 -0.54369071  1.70186127  0.84362052
  0.81794937 -0.01299137 -0.93688109]
0.578
[ 0.57236768  0.5738312   0.7111869  -0.68035959  1.36347245  0.84362052
  0.81794937 -0.01299137 -0.93688109]
0.568
[-0.21918034  0.11086663  0.50416957 -0.54369071  0.71142181  0.84362052
  0.81794937 -0.01299137 -0.93688109]
0.562
[-0.0492601  -0.4097076  -0.90502164 -0.53496277  1.83950354  0.93834455
  0.25061019  0.66447365 -0.41338037]
0.552
[-0.30195021  0.0307719   0.17554323 -0.18041337  0.96775965  0.93834455
  0.25061019  0.66447365 -0.41338037]
0.552
[-0.0492601  -0.4097076  -0.90502164 -0.53496277  0.72492357  0.93834455
  0.25061019  0.66447365 -0.41338037]
0.578
[-0.30195021  0.0307719   0.17554323 -0.18041337  0.97269093  0.93834455
  0.25061019  0.66447365 -0.41338037]
0.554
[-0.30195021  0.0307719   0.17554323 -0.18041337  0.02564974  0.93834455
  0.25061019  0.66447365 -0.41338037]
0.552
[-0.0492601  -0.4097076  -0.90502164 -0.53496277  1.67488662  0.93834455
  0.25061019  0.66447365 -0.41338037]
0.556
[-0.30195021  0.0307719   0.17554323 -0.18041337  0.92623648  0.93834455
  0.25061019  0.66447365 -0.41338037]
0.584
[-0.30195021  0.0307719   0.17554323 -0.18041337  0.64725829  0.93834455
  0.25061019  0.66447365 -0.41338037]
0.576
[-0.0492601  -0.4097076  -0.90502164 -0.53496277  0.96810146  0.93834455
  0.25061019  0.66447365 -0.41338037]
0.57
[-0.30195021  0.0307719   0.17554323 -0.18041337  0.49514837  0.93834455
  0.25061019  0.66447365 -0.41338037]
0.56
[-0.30195021  0.0307719   0.17554323 -0.18041337  1.04565893  0.93834455
  0.25061019  0.66447365 -0.41338037]
0.562
[-0.30195021  0.0307719   0.17554323 -0.18041337  1.23777614  0.93834455
  0.25061019  0.66447365 -0.41338037]
0.552
[-0.30195021  0.0307719   0.17554323 -0.18041337  1.20190582  0.93834455
  0.25061019  0.66447365 -0.41338037]
0.56
[-6.61364902e-01  4.66986839e-04 -9.20536012e-01 -7.42923151e-01
  1.66925054e+00  9.94118598e-01  4.55254341e-01  6.59518665e-01
  1.06799454e-01]
0.576
[-6.61364902e-01  4.66986839e-04 -9.20536012e-01 -7.42923151e-01
  1.31483742e+00  9.94118598e-01  4.55254341e-01  6.59518665e-01
  1.06799454e-01]
0.558
[-6.61364902e-01  4.66986839e-04 -9.20536012e-01 -7.42923151e-01
  1.47659919e+00  9.94118598e-01  4.55254341e-01  6.59518665e-01
  1.06799454e-01]
0.552
[-6.61364902e-01  4.66986839e-04 -9.20536012e-01 -7.42923151e-01
  1.25383190e+00  9.94118598e-01  4.55254341e-01  6.59518665e-01
  1.06799454e-01]
0.56
[-6.61364902e-01  4.66986839e-04 -9.20536012e-01 -7.42923151e-01
  9.58529815e-01  9.94118598e-01  4.55254341e-01  6.59518665e-01
  1.06799454e-01]
0.588
[-6.61364902e-01  4.66986839e-04 -9.20536012e-01 -7.42923151e-01
  3.90351733e-01  9.94118598e-01  4.55254341e-01  6.59518665e-01
  1.06799454e-01]
0.554
[-6.61364902e-01  4.66986839e-04 -9.20536012e-01 -7.42923151e-01
  2.60411789e+00  9.94118598e-01  4.55254341e-01  6.59518665e-01
  1.06799454e-01]
0.572
[-6.61364902e-01  4.66986839e-04 -9.20536012e-01 -7.42923151e-01
  8.05488425e-01  9.94118598e-01  4.55254341e-01  6.59518665e-01
  1.06799454e-01]
0.554
[-6.61364902e-01  4.66986839e-04 -9.20536012e-01 -7.42923151e-01
  5.29585323e-01  9.94118598e-01  4.55254341e-01  6.59518665e-01
  1.06799454e-01]
0.552
[-6.61364902e-01  4.66986839e-04 -9.20536012e-01 -7.42923151e-01
  6.78046394e-01  9.94118598e-01  4.55254341e-01  6.59518665e-01
  1.06799454e-01]
0.564
[-0.18764788 -0.46611696 -0.35875979 -0.24560785  0.892447    0.61080716
 -0.11210107  0.09789569 -0.21455239]
0.588
[-0.18764788 -0.46611696 -0.35875979 -0.24560785  0.53467969  0.61080716
 -0.11210107  0.09789569 -0.21455239]
0.59
[-0.18764788 -0.46611696 -0.35875979 -0.24560785  0.90211977  0.61080716
 -0.11210107  0.09789569 -0.21455239]
0.562
[-0.18764788 -0.46611696 -0.35875979 -0.24560785  1.02871571  0.61080716
 -0.11210107  0.09789569 -0.21455239]
0.56
[-0.18764788 -0.46611696 -0.35875979 -0.24560785  1.24166396  0.61080716
 -0.11210107  0.09789569 -0.21455239]
0.588
[ 0.74874578  0.70088927 -0.58050192 -0.51900168  1.32125985  0.58783474
  0.99933236  0.37875809  0.06975127]
0.562
[ 0.74874578  0.70088927 -0.58050192 -0.51900168  1.11470926  0.58783474
  0.99933236  0.37875809  0.06975127]
0.56
[ 0.74874578  0.70088927 -0.58050192 -0.51900168  0.65500093  0.58783474
  0.99933236  0.37875809  0.06975127]
0.554
[ 0.74874578  0.70088927 -0.58050192 -0.51900168  0.65358355  0.58783474
  0.99933236  0.37875809  0.06975127]
0.562
[ 0.74874578  0.70088927 -0.58050192 -0.51900168  1.3840718   0.58783474
  0.99933236  0.37875809  0.06975127]
0.558
[ 0.74874578  0.70088927 -0.58050192 -0.51900168  1.77344856  0.58783474
  0.99933236  0.37875809  0.06975127]
0.556
[ 0.74874578  0.70088927 -0.58050192 -0.51900168  0.8793006   0.58783474
  0.99933236  0.37875809  0.06975127]
0.568
[ 0.74874578  0.70088927 -0.58050192 -0.51900168  1.72366546  0.58783474
  0.99933236  0.37875809  0.06975127]
0.596
[ 0.74874578  0.70088927 -0.58050192 -0.51900168  1.94565244  0.58783474
  0.99933236  0.37875809  0.06975127]
0.554
[ 0.74874578  0.70088927 -0.58050192 -0.51900168  0.81856244  0.58783474
  0.99933236  0.37875809  0.06975127]
0.574
[ 0.74874578  0.70088927 -0.58050192 -0.51900168  1.37643205  0.58783474
  0.99933236  0.37875809  0.06975127]
0.558
[ 0.74874578  0.70088927 -0.58050192 -0.51900168  0.92157847  0.58783474
  0.99933236  0.37875809  0.06975127]
0.592
[ 0.74874578  0.70088927 -0.58050192 -0.51900168  1.20021698  0.58783474
  0.99933236  0.37875809  0.06975127]
0.57
[ 0.74874578  0.70088927 -0.58050192 -0.51900168  1.17889472  0.58783474
  0.99933236  0.37875809  0.06975127]
0.566
[ 0.74874578  0.70088927 -0.58050192 -0.51900168  1.25623432  0.58783474
  0.99933236  0.37875809  0.06975127]
0.592
[ 0.74874578  0.70088927 -0.58050192 -0.51900168  1.09458654  0.58783474
  0.99933236  0.37875809  0.06975127]
0.582
[ 0.74874578  0.70088927 -0.58050192 -0.51900168  1.57439763  0.58783474
  0.99933236  0.37875809  0.06975127]
0.572
[ 0.74874578  0.70088927 -0.58050192 -0.51900168  1.59626472  0.58783474
  0.99933236  0.37875809  0.06975127]
0.556
