[1, -0.75, -0.75, -0.25, 0.9, 0.9, 0.9, -0.9, 0.1]
0.59
[1, -0.75, -0.75, -0.25, 0.9, 0.9, 0.9, -0.9, 0.2]
0.635
[1, -0.75, -0.75, -0.25, 0.9, 0.9, 0.9, -0.9, 0.3]
0.635
[1, -0.75, -0.75, -0.25, 0.9, 0.9, 0.9, -0.9, 0.4]
0.585
[1, -0.75, -0.75, -0.25, 0.9, 0.9, 0.9, -0.9, 0.6]
0.57
[1, -0.75, -0.75, -0.25, 0.9, 0.9, 0.9, -0.9, 0.8]
0.595
[1, -0.75, -0.75, -0.25, 0.9, 0.9, 0.9, -1.0, 0.1]
0.64
[1, -0.75, -0.75, -0.25, 0.9, 0.9, 0.9, -1.0, 0.2]
0.62
[1, -0.75, -0.75, -0.25, 0.9, 0.9, 0.9, -1.0, 0.3]
0.575
