[0.75, -0.75, -1.0, -0.25, 0.9, 0.9, 0.9, -1.0, 0.4]
0.64
[0.75, -0.75, -1.0, -0.25, 0.9, 0.9, 0.9, -1.0, 0.5]
0.615
[0.75, -0.75, -1.0, -0.25, 0.9, 0.9, 0.9, -1.0, 0.6]
0.555
[0.75, -0.75, -1.0, -0.25, 0.9, 0.9, 0.9, -1.0, 0.7]
0.585
[0.75, -0.75, -1.0, -0.25, 0.9, 0.9, 0.9, -1.0, 0.8]
0.595
[0.75, -0.75, -1.0, -0.25, 0.9, 0.9, 0.9, -1.0, 1.0]
0.59
[0.75, -0.75, -1.0, -0.25, 0.9, 0.9, 1, -0.9, 0.1]
0.635
[0.75, -0.75, -1.0, -0.25, 0.9, 0.9, 1, -0.9, 0.2]
0.595
[0.75, -0.75, -1.0, -0.25, 0.9, 0.9, 1, -0.9, 0.3]
0.605
[0.75, -0.75, -1.0, -0.25, 0.9, 0.9, 1, -0.9, 0.4]
0.615
[0.75, -0.75, -1.0, -0.25, 0.9, 0.9, 1, -0.9, 0.5]
0.615
[0.75, -0.75, -1.0, -0.25, 0.9, 0.9, 1, -0.9, 0.6]
0.615
[0.75, -0.75, -1.0, -0.25, 0.9, 0.9, 1, -0.9, 0.7]
0.625
[0.75, -0.75, -1.0, -0.25, 0.9, 0.9, 1, -0.9, 0.8]
0.57
