[1, -0.75, -1.0, -0.25, 0.9, 0.9, 0.9, -1.0, 0.3]
0.64
[1, -0.75, -1.0, -0.25, 0.9, 0.9, 0.9, -1.0, 0.4]
0.655
[1, -0.75, -1.0, -0.25, 0.9, 0.9, 0.9, -1.0, 0.5]
0.62
[1, -0.75, -1.0, -0.25, 0.9, 0.9, 0.9, -1.0, 0.6]
0.605
[1, -0.75, -1.0, -0.25, 0.9, 0.9, 0.9, -1.0, 0.7]
0.61
[1, -0.75, -1.0, -0.25, 0.9, 0.9, 0.9, -1.0, 0.8]
0.595
[1, -0.75, -1.0, -0.25, 0.9, 0.9, 0.9, -1.0, 0.9]
0.615
[1, -0.75, -1.0, -0.25, 0.9, 0.9, 0.9, -1.0, 1.0]
0.56
[1, -0.75, -1.0, -0.25, 0.9, 0.9, 1, -0.9, 0.1]
0.71
[1, -0.75, -1.0, -0.25, 0.9, 0.9, 1, -0.9, 0.2]
0.575
[1, -0.75, -1.0, -0.25, 0.9, 0.9, 1, -0.9, 0.3]
0.66
[1, -0.75, -1.0, -0.25, 0.9, 0.9, 1, -0.9, 0.4]
0.62
[1, -0.75, -1.0, -0.25, 0.9, 0.9, 1, -0.9, 0.5]
0.58
[1, -0.75, -1.0, -0.25, 0.9, 0.9, 1, -0.9, 0.6]
0.605
[1, -0.75, -1.0, -0.25, 0.9, 0.9, 1, -0.9, 0.7]
0.625
