[0.75, -0.75, -0.75, -0.25, 0.9, 0.9, 0.9, -0.9, 0.1]
0.61
[0.75, -0.75, -0.75, -0.25, 0.9, 0.9, 0.9, -0.9, 0.2]
0.615
[0.75, -0.75, -0.75, -0.25, 0.9, 0.9, 0.9, -0.9, 0.3]
0.57
[0.75, -0.75, -0.75, -0.25, 0.9, 0.9, 0.9, -0.9, 0.4]
0.63
[0.75, -0.75, -0.75, -0.25, 0.9, 0.9, 0.9, -0.9, 0.5]
0.6
[0.75, -0.75, -0.75, -0.25, 0.9, 0.9, 0.9, -0.9, 0.7]
0.56
[0.75, -0.75, -0.75, -0.25, 0.9, 0.9, 0.9, -0.9, 0.8]
0.6
[0.75, -0.75, -0.75, -0.25, 0.9, 0.9, 0.9, -0.9, 1.0]
0.59
[0.75, -0.75, -0.75, -0.25, 0.9, 0.9, 0.9, -1.0, 0.1]
0.585
[0.75, -0.75, -0.75, -0.25, 0.9, 0.9, 0.9, -1.0, 0.2]
0.57
[0.75, -0.75, -0.75, -0.25, 0.9, 0.9, 0.9, -1.0, 0.4]
0.615
